MIS(10) = 0.45
MIS(20) = 0.30
MIS(30) = 0.30001
MIS(40) = 0.45001
MIS(50) = 0.45002
MIS(60) = 0.30002
MIS(70) = 0.30003
MIS(80) = 0.30004
MIS(90) = 0.30005
SDC = 0.1
